mintime	maxtime	rawmsg	msgcount	icao24	hour
select mintime, maxtime, rawmsg, msgcount, icao24, hour from iidentification_data4  where hour>=1527692400.0 and hour<1527696000.0 and identifiication_data4.mintime>=1527693698 and identification_data4.mintime<1527694298 andd identification_data4.icao24='484506' and rawmsg is not null ;
1527693701.408	1527693701.431	8d48450620512070d71820129ed0	1	484506	1527692400
1527693706.427	1527693706.427	8d48450620512070d71820129ed0	1	484506	1527692400
1527693711.707	1527693711.707	8d48450620512070d71820129ed0	1	484506	1527692400
1527693716.474	1527693716.53	8d48450620512070d71820129ed0	1	484506	1527692400
1527693726.787	1527693726.808	8d48450620512070d71820129ed0	1	484506	1527692400
1527693747.012	1527693747.058	8d48450620512070d71820129ed0	1	484506	1527692400
1527693752.035	1527693752.053	8d48450620512070d71820129ed0	1	484506	1527692400
1527693757.182	1527693757.313	8d48450620512070d71820129ed0	1	484506	1527692400
1527693762.232	1527693762.241	8d48450620512070d71820129ed0	1	484506	1527692400
1527693767.125	1527693767.167	8d48450620512070d71820129ed0	1	484506	1527692400
1527693772.23	1527693772.323	8d48450620512070d71820129ed0	1	484506	1527692400
1527693777.349	1527693777.364	8d48450620512070d71820129ed0	1	484506	1527692400
1527693782.425	1527693782.453	8d48450620512070d71820129ed0	1	484506	1527692400
1527693787.469	1527693787.565	8d48450620512070d71820129ed0	1	484506	1527692400
1527693792.605	1527693792.674	8d48450620512070d71820129ed0	1	484506	1527692400
1527693797.568	1527693797.61	8d48450620512070d71820129ed0	1	484506	1527692400
1527693802.375	1527693802.397	8d48450620512070d71820129ed0	1	484506	1527692400
1527693802.409	1527693802.409	8d48450620512070d71820129ed0	1	484506	1527692400
1527693802.471	1527693802.471	8d48450620512070d71820129ed0	1	484506	1527692400
1527693807.527	1527693807.549	8d48450620512070d71820129ed0	1	484506	1527692400
1527693812.408	1527693812.432	8d48450620512070d71820129ed0	1	484506	1527692400
1527693817.501	1527693817.557	8d48450620512070d71820129ed0	1	484506	1527692400
1527693822.478	1527693822.617	8d48450620512070d71820129ed0	1	484506	1527692400
1527693827.603	1527693827.649	8d48450620512070d71820129ed0	1	484506	1527692400
1527693832.612	1527693832.639	8d48450620512070d71820129ed0	1	484506	1527692400
1527693837.651	1527693837.758	8d48450620512070d71820129ed0	1	484506	1527692400
1527693842.752	1527693842.829	8d48450620512070d71820129ed0	1	484506	1527692400
1527693847.601	1527693847.601	8d48450620512070d71820129ed0	1	484506	1527692400
1527693852.819	1527693852.884	8d48450620512070d71820129ed0	1	484506	1527692400
1527693857.557	1527693857.91	8d48450620512070d71820129ed0	1	484506	1527692400
1527693862.402	1527693862.439	8d48450620512070d71820129ed0	1	484506	1527692400
1527693867.361	1527693867.408	8d48450620512070d71820129ed0	1	484506	1527692400
1527693872.442	1527693872.536	8d48450620512070d71820129ed0	1	484506	1527692400
1527693877.341	1527693877.407	8d48450620512070d71820129ed0	1	484506	1527692400
1527693877.618	1527693877.618	8d48450620512070d71820129ed0	1	484506	1527692400
1527693882.183	1527693882.26	8d48450620512070d71820129ed0	1	484506	1527692400
1527693887.274	1527693887.554	8d48450620512070d71820129ed0	1	484506	1527692400
1527693892.158	1527693892.184	8d48450620512070d71820129ed0	1	484506	1527692400
1527693897.076	1527693897.33	8d48450620512070d71820129ed0	1	484506	1527692400
1527693902.038	1527693902.038	8d48450620512070d71820129ed0	1	484506	1527692400
1527693902.069	1527693902.069	8d48450620512070d71820129ed0	1	484506	1527692400
1527693907.049	1527693907.268	8d48450620512070d71820129ed0	1	484506	1527692400
1527693912.186	1527693912.212	8d48450620512070d71820129ed0	1	484506	1527692400
1527693917.038	1527693917.128	8d48450620512070d71820129ed0	1	484506	1527692400
1527693922.07	1527693922.403	8d48450620512070d71820129ed0	1	484506	1527692400
1527693926.94	1527693926.993	8d48450620512070d71820129ed0	1	484506	1527692400
1527693931.977	1527693932.039	8d48450620512070d71820129ed0	1	484506	1527692400
1527693937.11	1527693937.266	8d48450620512070d71820129ed0	1	484506	1527692400
1527693942.3	1527693942.772	8d48450620512070d71820129ed0	1	484506	1527692400
1527693944.088	1527693944.088	8d48450620512070d71820129ed0	1	484506	1527692400
1527693947.379	1527693947.408	8d48450620512070d71820129ed0	1	484506	1527692400
1527693947.69	1527693947.69	8d48450620512070d71820129ed0	1	484506	1527692400
1527693952.495	1527693952.873	8d48450620512070d71820129ed0	1	484506	1527692400
1527693957.536	1527693957.798	8d48450620512070d71820129ed0	1	484506	1527692400
1527693962.38	1527693962.471	8d48450620512070d71820129ed0	1	484506	1527692400
1527693967.375	1527693967.673	8d48450620512070d71820129ed0	1	484506	1527692400
1527693972.427	1527693972.52	8d48450620512070d71820129ed0	1	484506	1527692400
1527693977.276	1527693977.391	8d48450620512070d71820129ed0	1	484506	1527692400
1527693982.382	1527693982.483	8d48450620512070d71820129ed0	1	484506	1527692400
1527693987.461	1527693987.554	8d48450620512070d71820129ed0	1	484506	1527692400
1527693992.297	1527693992.355	8d48450620512070d71820129ed0	1	484506	1527692400
1527693997.386	1527693997.428	8d48450620512070d71820129ed0	1	484506	1527692400
1527694002.271	1527694002.344	8d48450620512070d71820129ed0	1	484506	1527692400
1527694007.147	1527694007.272	8d48450620512070d71820129ed0	1	484506	1527692400
1527694012.113	1527694012.198	8d48450620512070d71820129ed0	1	484506	1527692400
1527694017.07	1527694017.268	8d48450620512070d71820129ed0	1	484506	1527692400
1527694022.044	1527694022.18	8d48450620512070d71820129ed0	1	484506	1527692400
1527694027.148	1527694027.181	8d48450620512070d71820129ed0	1	484506	1527692400
1527694031.938	1527694032.107	8d48450620512070d71820129ed0	1	484506	1527692400
1527694037.081	1527694037.201	8d48450620512070d71820129ed0	1	484506	1527692400
1527694042.157	1527694042.238	8d48450620512070d71820129ed0	1	484506	1527692400
1527694047.026	1527694047.122	8d48450620512070d71820129ed0	1	484506	1527692400
1527694052.154	1527694052.413	8d48450620512070d71820129ed0	1	484506	1527692400
1527694053.547	1527694053.547	8d48450620512070d71820129ed0	1	484506	1527692400
1527694057.3	1527694057.404	8d48450620512070d71820129ed0	1	484506	1527692400
1527694062.468	1527694062.587	8d48450620512070d71820129ed0	1	484506	1527692400
1527694067.405	1527694067.725	8d48450620512070d71820129ed0	1	484506	1527692400
1527694072.526	1527694072.557	8d48450620512070d71820129ed0	1	484506	1527692400
1527694072.581	1527694072.607	8d48450620512070d71820129ed0	1	484506	1527692400
1527694077.517	1527694077.605	8d48450620512070d71820129ed0	1	484506	1527692400
1527694082.537	1527694082.648	8d48450620512070d71820129ed0	1	484506	1527692400
1527694087.641	1527694087.754	8d48450620512070d71820129ed0	1	484506	1527692400
1527694092.478	1527694092.564	8d48450620512070d71820129ed0	1	484506	1527692400
1527694097.399	1527694097.474	8d48450620512070d71820129ed0	1	484506	1527692400
1527694102.396	1527694102.643	8d48450620512070d71820129ed0	1	484506	1527692400
1527694107.49	1527694107.61	8d48450620512070d71820129ed0	1	484506	1527692400
1527694112.435	1527694112.527	8d48450620512070d71820129ed0	1	484506	1527692400
1527694117.613	1527694117.79	8d48450620512070d71820129ed0	1	484506	1527692400
1527694122.417	1527694122.543	8d48450620512070d71820129ed0	1	484506	1527692400
1527694127.294	1527694127.371	8d48450620512070d71820129ed0	1	484506	1527692400
1527694127.425	1527694127.425	8d48450620512070d71820129ed0	1	484506	1527692400
1527694132.185	1527694132.316	8d48450620512070d71820129ed0	1	484506	1527692400
1527694137.131	1527694137.229	8d48450620512070d71820129ed0	1	484506	1527692400
1527694142.154	1527694142.232	8d48450620512070d71820129ed0	1	484506	1527692400
1527694147.242	1527694147.315	8d48450620512070d71820129ed0	1	484506	1527692400
1527694152.265	1527694152.267	8d48450620512070d71820129ed0	1	484506	1527692400
1527694152.29	1527694152.388	8d48450620512070d71820129ed0	1	484506	1527692400
1527694157.3	1527694157.429	8d48450620512070d71820129ed0	1	484506	1527692400
1527694162.238	1527694162.353	8d48450620512070d71820129ed0	1	484506	1527692400
1527694167.399	1527694167.525	8d48450620512070d71820129ed0	1	484506	1527692400
1527694172.418	1527694172.488	8d48450620512070d71820129ed0	1	484506	1527692400
1527694177.44	1527694177.499	8d48450620512070d71820129ed0	1	484506	1527692400
1527694182.531	1527694182.634	8d48450620512070d71820129ed0	1	484506	1527692400
1527694187.696	1527694187.788	8d48450620512070d71820129ed0	1	484506	1527692400
1527694192.813	1527694192.914	8d48450620512070d71820129ed0	1	484506	1527692400
1527694197.86	1527694197.994	8d48450620512070d71820129ed0	1	484506	1527692400
1527694198.919	1527694198.919	8d48450620512070d71820129ed0	1	484506	1527692400
1527694202.704	1527694202.771	8d48450620512070d71820129ed0	1	484506	1527692400
1527694207.715	1527694207.815	8d48450620512070d71820129ed0	1	484506	1527692400
1527694212.55	1527694212.649	8d48450620512070d71820129ed0	1	484506	1527692400
1527694217.704	1527694217.781	8d48450620512070d71820129ed0	1	484506	1527692400
1527694222.878	1527694222.975	8d48450620512070d71820129ed0	1	484506	1527692400
1527694227.91	1527694227.995	8d48450620512070d71820129ed0	1	484506	1527692400
1527694232.884	1527694232.884	8d48450620512070d71820129ed0	1	484506	1527692400
1527694232.918	1527694232.944	8d48450620512070d71820129ed0	1	484506	1527692400
1527694232.975	1527694232.998	8d48450620512070d71820129ed0	1	484506	1527692400
1527694237.756	1527694237.831	8d48450620512070d71820129ed0	1	484506	1527692400
1527694238.704	1527694238.704	8d48450620512070d71820129ed0	1	484506	1527692400
1527694242.859	1527694243.016	8d48450620512070d71820129ed0	1	484506	1527692400
1527694247.815	1527694247.898	8d48450620512070d71820129ed0	1	484506	1527692400
1527694252.892	1527694252.957	8d48450620512070d71820129ed0	1	484506	1527692400
1527694258.041	1527694258.15	8d48450620512070d71820129ed0	1	484506	1527692400
1527694263.082	1527694263.186	8d48450620512070d71820129ed0	1	484506	1527692400
1527694267.908	1527694268.096	8d48450620512070d71820129ed0	1	484506	1527692400
1527694272.991	1527694273.075	8d48450620512070d71820129ed0	1	484506	1527692400
1527694278.184	1527694278.253	8d48450620512070d71820129ed0	1	484506	1527692400
1527694278.611	1527694278.611	8d48450620512070d71820129ed0	1	484506	1527692400
1527694283.295	1527694283.314	8d48450620512070d71820129ed0	1	484506	1527692400
1527694288.368	1527694288.449	8d48450620512070d71820129ed0	1	484506	1527692400
1527694293.341	1527694293.423	8d48450620512070d71820129ed0	1	484506	1527692400
1527693731.984	1527693732.005	8f48450620512070d71820a27c20	1	484506	1527692400
1527693736.96	1527693737.161	8f48450620512070d71820a27c20	1	484506	1527692400
1527693742.042	1527693742.064	8f48450620512070d71820a27c20	1	484506	1527692400
1527694087.982	1527694087.982	8d48450620512070d79820129ed0	1	484506	1527692400
1527694017.197	1527694017.197	8d48450620512070d71822129ed0	1	484506	1527692400
[hadoop-1:21000] > 